h_h_central_0_20 0.2229435443561742 0.0 0.092 0.112
h_lambda_central_0_20 0.046137683774199315 0.0 0.092 0.111
h_h_central_20_50 0.13256686229304054 0.0 0.07819999999999999 0.09519999999999999
h_lambda_central_20_50 0.024323577707399513 0.0 0.07819999999999999 0.09435
h_h_central_50_80 0.07332296539363467 0.0 0.046 0.056
h_lambda_central_50_80 0.012000517602782168 0.0 0.046 0.0555
h_h_central_0_80 0.16502130445309499 0.0 0.08739999999999999 0.1064
h_lambda_central_0_80 0.032456288800187034 0.0 0.08739999999999999 0.10545
h_h_lowpt_0_20 0.3968526591139559 0.0 0.092 0.1
h_lambda_lowpt_0_20 0.06652061507687726 0.0 0.092 0.075
h_h_lowpt_20_50 0.23411252254317572 0.0 0.07819999999999999 0.085
h_lambda_lowpt_20_50 0.03618412290488377 0.0 0.07819999999999999 0.06375
h_h_lowpt_50_80 0.12861030456434663 0.0 0.046 0.05
h_lambda_lowpt_50_80 0.01883448493135501 0.0 0.046 0.0375
h_h_lowpt_0_80 0.292708633356771 0.0 0.08739999999999999 0.095
h_lambda_lowpt_0_80 0.04745179620190002 0.0 0.08739999999999999 0.07125
h_h_highpt_0_20 0.10039772085602953 0.0 0.092 0.119
h_lambda_highpt_0_20 0.022141381152662436 0.0 0.092 0.137
h_h_highpt_20_50 0.060344090873162 0.0 0.07819999999999999 0.10114999999999999
h_lambda_highpt_20_50 0.011395592823756332 0.0 0.07819999999999999 0.11645000000000001
h_h_highpt_50_80 0.03372721229732226 0.0 0.046 0.0595
h_lambda_highpt_50_80 0.005600738162232022 0.0 0.046 0.0685
h_h_highpt_0_80 0.07467637680980815 0.0 0.08739999999999999 0.11304999999999998
h_lambda_highpt_0_80 0.015445709514279739 0.0 0.08739999999999999 0.13015000000000002
